BB3 0.1 0.319191919192 0.714932126697 0.441340782123
BB3 0.2 0.319191919192 0.714932126697 0.441340782123
BB3 0.3 0.319191919192 0.714932126697 0.441340782123
BB3 0.4 0.319191919192 0.714932126697 0.441340782123
BB3 0.5 0.319191919192 0.714932126697 0.441340782123
BB3 0.6 0.321792260692 0.714932126697 0.443820224719
BB3 0.7 0.327731092437 0.705882352941 0.447632711621
BB3 0.8 0.403314917127 0.660633484163 0.500857632933
BB3 0.9 0.596858638743 0.515837104072 0.553398058252
SeeDev 0.1 0.302955665025 0.450549450549 0.362297496318
SeeDev 0.2 0.302955665025 0.450549450549 0.362297496318
SeeDev 0.3 0.303703703704 0.450549450549 0.362831858407
SeeDev 0.4 0.31330472103 0.445665445665 0.367943548387
SeeDev 0.5 0.347336065574 0.413919413919 0.377715877437
SeeDev 0.6 0.407246376812 0.343101343101 0.372432074221
SeeDev 0.7 0.450520833333 0.211233211233 0.287614297589
SeeDev 0.8 0.619047619048 0.111111111111 0.188405797101
SeeDev 0.9 0.71875 0.028083028083 0.0540540540541
