BB3
0.01 0.319191919192 0.714932126697 0.441340782123
0.03 0.319191919192 0.714932126697 0.441340782123
0.05 0.319191919192 0.714932126697 0.441340782123
0.07 0.319191919192 0.714932126697 0.441340782123
0.09 0.319191919192 0.714932126697 0.441340782123
0.11 0.319191919192 0.714932126697 0.441340782123
0.13 0.319191919192 0.714932126697 0.441340782123
0.15 0.319191919192 0.714932126697 0.441340782123
0.17 0.319191919192 0.714932126697 0.441340782123
0.19 0.319191919192 0.714932126697 0.441340782123
0.21 0.319191919192 0.714932126697 0.441340782123
0.23 0.319191919192 0.714932126697 0.441340782123
0.25 0.319191919192 0.714932126697 0.441340782123
0.27 0.319191919192 0.714932126697 0.441340782123
0.29 0.319191919192 0.714932126697 0.441340782123
0.31 0.319191919192 0.714932126697 0.441340782123
0.33 0.319191919192 0.714932126697 0.441340782123
0.35 0.319191919192 0.714932126697 0.441340782123
0.37 0.319191919192 0.714932126697 0.441340782123
0.39 0.319191919192 0.714932126697 0.441340782123
0.41 0.319191919192 0.714932126697 0.441340782123
0.43 0.319191919192 0.714932126697 0.441340782123
0.45 0.319191919192 0.714932126697 0.441340782123
0.47 0.319191919192 0.714932126697 0.441340782123
0.49 0.319191919192 0.714932126697 0.441340782123
0.51 0.319191919192 0.714932126697 0.441340782123
0.53 0.319191919192 0.714932126697 0.441340782123
0.55 0.319191919192 0.714932126697 0.441340782123
0.57 0.319191919192 0.714932126697 0.441340782123
0.59 0.321138211382 0.714932126697 0.443197755961
0.61 0.322448979592 0.714932126697 0.444444444444
0.63 0.323711340206 0.710407239819 0.444759206799
0.65 0.325726141079 0.710407239819 0.446657183499
0.67 0.325678496868 0.705882352941 0.445714285714
0.69 0.327731092437 0.705882352941 0.447632711621
0.71 0.325581395349 0.696832579186 0.443804034582
0.73 0.330453563715 0.692307692308 0.447368421053
0.75 0.341517857143 0.692307692308 0.457399103139
0.77 0.352668213457 0.68778280543 0.466257668712
0.79 0.386597938144 0.678733031674 0.492610837438
0.81 0.409090909091 0.651583710407 0.502617801047
0.83 0.429508196721 0.592760180995 0.498098859316
0.85 0.475655430712 0.574660633484 0.520491803279
0.87 0.508474576271 0.542986425339 0.525164113786
0.89 0.5625 0.529411764706 0.545454545455
0.91 0.565517241379 0.371040723982 0.448087431694
0.93 0.625 0.316742081448 0.42042042042
0.95 0.696202531646 0.248868778281 0.366666666667
0.97 0.777777777778 0.126696832579 0.217898832685
0.99 0.666666666667 0.00904977375566 0.0178571428571
SeeDev
0.01 0.309090909091 0.456654456654 0.368654509611
0.03 0.309090909091 0.456654456654 0.368654509611
0.05 0.309090909091 0.456654456654 0.368654509611
0.07 0.309090909091 0.456654456654 0.368654509611
0.09 0.309090909091 0.456654456654 0.368654509611
0.11 0.309090909091 0.456654456654 0.368654509611
0.13 0.309090909091 0.456654456654 0.368654509611
0.15 0.309090909091 0.456654456654 0.368654509611
0.17 0.309090909091 0.456654456654 0.368654509611
0.19 0.309090909091 0.456654456654 0.368654509611
0.21 0.309090909091 0.456654456654 0.368654509611
0.23 0.309090909091 0.456654456654 0.368654509611
0.25 0.309090909091 0.456654456654 0.368654509611
0.27 0.309090909091 0.456654456654 0.368654509611
0.29 0.309090909091 0.456654456654 0.368654509611
0.31 0.310116086235 0.456654456654 0.369382716049
0.33 0.310889443059 0.456654456654 0.369930761622
0.35 0.3127090301 0.456654456654 0.371215880893
0.37 0.314237573715 0.455433455433 0.371884346959
0.39 0.315969257045 0.45177045177 0.371859296482
0.41 0.318690783807 0.45177045177 0.373737373737
0.43 0.32332155477 0.446886446886 0.375192209124
0.45 0.329090909091 0.442002442002 0.377279833246
0.47 0.336466165414 0.437118437118 0.380244291025
0.49 0.343534057256 0.424908424908 0.379912663755
0.51 0.352380952381 0.406593406593 0.377551020408
0.53 0.356179775281 0.387057387057 0.370977179637
0.55 0.361881785283 0.3663003663 0.364077669903
0.57 0.374015748031 0.347985347985 0.360531309298
0.59 0.392907801418 0.338217338217 0.363517060367
0.61 0.396578538103 0.311355311355 0.348837209302
0.63 0.415061295972 0.289377289377 0.341007194245
0.65 0.419921875 0.262515262515 0.323065364388
0.67 0.437777777778 0.240537240537 0.310480693459
0.69 0.439393939394 0.212454212454 0.286419753086
0.71 0.470588235294 0.19536019536 0.276100086281
0.73 0.492907801418 0.169719169719 0.252497729337
0.75 0.510548523207 0.147741147741 0.229166666667
0.77 0.537313432836 0.131868131868 0.211764705882
0.79 0.59872611465 0.114774114774 0.19262295082
0.81 0.609375 0.0952380952381 0.164730728617
0.83 0.615384615385 0.0683760683761 0.123076923077
0.85 0.65625 0.0512820512821 0.0951302378256
0.87 0.673913043478 0.037851037851 0.071676300578
0.89 0.727272727273 0.029304029304 0.056338028169
0.91 0.730769230769 0.023199023199 0.0449704142012
0.93 0.75 0.010989010989 0.0216606498195
0.95 0.666666666667 0.002442002442 0.00486618004866
0.97 1.0 0.001221001221 0.00243902439024
0.99 0.0 0.0 0.0
